192.242889	1.540422	2.192288
193.828705	1.565014	2.201892
195.414581	1.58974	2.21116
197.000519	1.614593	2.220086
198.586563	1.639568	2.228668
200.172653	1.66466	2.236903
201.758835	1.689864	2.244787
203.345108	1.715174	2.252317
204.931427	1.740583	2.25949
206.517853	1.766086	2.266304
208.104324	1.791677	2.272755
209.690872	1.81735	2.278842
211.277496	1.843097	2.28456
212.864182	1.868914	2.289909
214.450958	1.894793	2.294886
216.037811	1.920728	2.299489
217.62471	1.94671	2.303715
219.2117	1.972736	2.307564
220.798752	1.998796	2.311033
222.385864	2.024884	2.314121
223.973068	2.050992	2.316827
225.560333	2.077114	2.31915
227.147659	2.103243	2.321089
228.735031	2.129369	2.322643
230.322479	2.155488	2.323811
231.910034	2.18159	2.324594
233.497604	2.207668	2.324991
235.085281	2.233716	2.325002
236.673004	2.259724	2.324627
238.260788	2.285686	2.323868
239.848633	2.311594	2.322724
241.436554	2.33744	2.321196
243.024506	2.363217	2.319287
244.612549	2.388916	2.316996
246.200653	2.414531	2.314325
247.788818	2.440054	2.311277
249.377045	2.465477	2.307853
250.965332	2.490792	2.304055
252.553665	2.515992	2.299886
254.142059	2.541069	2.295348
255.730545	2.566017	2.290444
257.319031	2.590828	2.285177
258.907623	2.615494	2.27955
260.496277	2.640008	2.273566
262.084961	2.664364	2.267231
263.673706	2.688554	2.260545
265.262512	2.712572	2.253515
266.851379	2.73641	2.246145
268.440277	2.760063	2.238437
270.029236	2.783523	2.230398
271.618256	2.806783	2.222031
273.207336	2.82984	2.213343
274.796448	2.852684	2.204337
276.385651	2.875312	2.195019
277.974884	2.897717	2.185394
279.564148	2.919893	2.175468
281.153503	2.941835	2.165246
282.742889	2.963539	2.154735
284.332336	2.984998	2.14394
285.921814	3.006207	2.132867
287.511322	3.027162	2.121522
289.100922	3.047859	2.109912
290.690552	3.068293	2.098043
292.280212	3.088459	2.085922
293.869934	3.108355	2.073554
295.459717	3.127975	2.060947
297.04953	3.147317	2.048108
298.639404	3.166377	2.035042
300.229309	3.185152	2.021757
301.819275	3.203638	2.008259
303.409241	3.221834	1.994557
304.999298	3.239736	1.980655
306.589386	3.257343	1.966562
308.179504	3.274651	1.952285
309.769653	3.291659	1.937829
311.359863	3.308365	1.923204
312.950134	3.324768	1.908414
314.540405	3.340866	1.893468
316.130737	3.356657	1.878372
317.7211	3.372142	1.863133
319.311493	3.387318	1.847759
320.901947	3.402186	1.832255
322.492432	3.416745	1.81663
324.082947	3.430994	1.800889
325.673523	3.444934	1.785039
327.264099	3.458564	1.769088
328.854736	3.471885	1.753042
330.445404	3.484897	1.736907
332.036102	3.497601	1.720689
333.626831	3.509997	1.704397
335.21759	3.522087	1.688035
336.808411	3.533871	1.671609
338.399231	3.54535	1.655128
339.990112	3.556526	1.638595
341.581024	3.5674	1.622018
343.171936	3.577973	1.605402
344.762909	3.588248	1.588753
346.353912	3.598226	1.572076
347.944916	3.607909	1.555379
349.53598	3.6173	1.538665
351.127075	3.626399	1.52194
352.718201	3.63521	1.505211
354.309326	3.643735	1.488481
355.900482	3.651976	1.471756
357.491669	3.659936	1.455041
359.082886	3.667617	1.438341
360.674133	3.675022	1.421661
362.265411	3.682154	1.405005
363.85672	3.689016	1.388377
365.448029	3.69561	1.371783
367.039368	3.70194	1.355226
368.630737	3.708009	1.338711
370.222137	3.713819	1.322241
371.813538	3.719374	1.305822
373.404968	3.724677	1.289456
374.99646	3.729731	1.273147
376.587952	3.73454	1.256898
378.179413	3.739106	1.240715
379.770935	3.743433	1.224599
381.362488	3.747526	1.208554
382.954041	3.751386	1.192583
384.545624	3.755017	1.17669
386.137238	3.758423	1.160877
387.728821	3.761607	1.145147
389.320465	3.764573	1.129503
390.912109	3.767324	1.113947
392.503784	3.769864	1.098482
394.095459	3.772196	1.08311
395.687164	3.774324	1.067835
397.27887	3.77625	1.052657
398.870575	3.77798	1.03758
400.462311	3.779515	1.022605
402.054047	3.78086	1.007734
403.645813	3.782018	0.992969
405.23761	3.782993	0.978311
406.829407	3.783788	0.963764
408.421204	3.784406	0.949327
410.013	3.784852	0.935003
411.604797	3.785127	0.920793
413.196625	3.785236	0.906699
414.788483	3.785183	0.892721
416.38031	3.78497	0.878861
417.972168	3.7846	0.86512
419.564026	3.784078	0.851499
421.155914	3.783406	0.837999
422.747742	3.782588	0.824621
424.339661	3.781627	0.811366
425.931549	3.780525	0.798234
427.523438	3.779287	0.785227
429.115326	3.777915	0.772344
430.707214	3.776413	0.759587
432.299133	3.774784	0.746956
433.891052	3.77303	0.734452
435.482971	3.771155	0.722074
437.07486	3.769161	0.709824
438.666809	3.767052	0.697701
440.258698	3.76483	0.685706
441.850647	3.762499	0.673838
443.442535	3.760061	0.6621
445.034485	3.757519	0.650489
446.626373	3.754876	0.639006
448.218262	3.752135	0.627652
449.810211	3.749297	0.616426
451.4021	3.746367	0.605328
452.993988	3.743346	0.594359
454.585938	3.740237	0.583517
456.177826	3.737044	0.572803
457.769714	3.733767	0.562216
459.361633	3.73041	0.551757
460.953522	3.726975	0.541424
462.545349	3.723465	0.531219
464.137268	3.719882	0.521139
465.729095	3.716228	0.511185
467.320984	3.712505	0.501357
468.912842	3.708716	0.491654
470.5047	3.704864	0.482075
472.096527	3.700949	0.47262
473.688324	3.696975	0.463289
475.280182	3.692944	0.454081
476.871979	3.688858	0.444995
478.463776	3.684717	0.436031
480.055573	3.680526	0.427187
481.647308	3.676285	0.418465
483.239105	3.671997	0.409862
484.830872	3.667663	0.401379
486.422546	3.663286	0.393014
488.014313	3.658867	0.384767
489.606018	3.654408	0.376637
491.197693	3.649911	0.368623
492.789368	3.645377	0.360725
494.381042	3.640809	0.352942
495.972717	3.636207	0.345273
497.564301	3.631574	0.337717
499.155914	3.626912	0.330274
500.747498	3.622221	0.322942
502.339111	3.617503	0.315721
503.930664	3.61276	0.30861
505.522217	3.607993	0.301608
507.113708	3.603204	0.294714
508.705231	3.598394	0.287928
510.296692	3.593565	0.281249
511.888123	3.588717	0.274675
513.479614	3.583853	0.268206
515.070984	3.578974	0.261841
516.662415	3.57408	0.255579
518.253784	3.569173	0.249419
519.845093	3.564255	0.243361
521.436401	3.559325	0.237403
523.02771	3.554387	0.231544
524.619019	3.54944	0.225784
526.210266	3.544487	0.220121
527.801453	3.539526	0.214556
529.3927	3.534561	0.209086
530.983826	3.529593	0.203711
532.574951	3.524621	0.19843
534.166077	3.519647	0.193242
535.757141	3.514671	0.188146
537.348206	3.509696	0.183141
538.939209	3.504721	0.178227
540.530212	3.499748	0.173402
542.121216	3.494777	0.168666
543.712097	3.489809	0.164017
545.30304	3.484845	0.159455
546.893921	3.479886	0.154979
548.484741	3.474932	0.150587
550.075562	3.469984	0.146279
551.66626	3.465042	0.142055
553.257019	3.460108	0.137912
554.847717	3.455182	0.133851
556.438354	3.450263	0.12987
558.028992	3.445354	0.125968
559.619568	3.440453	0.122145
561.210144	3.435562	0.118399
562.800659	3.430681	0.11473
564.391174	3.42581	0.111137
565.981567	3.420949	0.107619
567.572021	3.416098	0.104175
569.162415	3.411257	0.100805
570.752686	3.406426	0.097506
572.343018	3.401603	0.09428
573.933228	3.39679	0.091124
575.523438	3.391983	0.088037
577.113647	3.387181	0.08502
578.703735	3.38238	0.082071
580.293823	3.377571	0.07919
581.88385	3.372736	0.076397
583.473816	3.3679	0.073718
585.063843	3.36308	0.071147
586.653687	3.358286	0.068681
588.24353	3.353525	0.066312
589.833374	3.348799	0.064039
591.423157	3.344114	0.061855
593.012878	3.339471	0.059757
594.602539	3.334873	0.057741
596.1922	3.330322	0.055803
597.781738	3.325818	0.05394
599.371277	3.321363	0.052149
600.960815	3.316957	0.050427
602.550171	3.312601	0.04877
604.139587	3.308296	0.047176
605.728882	3.304041	0.045643
607.318237	3.299837	0.044166
608.90741	3.295684	0.042745
610.496643	3.291581	0.041377
612.085754	3.287529	0.040059
613.674805	3.283527	0.03879
615.263794	3.279575	0.037567
616.852783	3.275673	0.036389
618.441711	3.27182	0.035253
620.030579	3.268015	0.034159
621.619385	3.264259	0.033103
623.20813	3.26055	0.032086
624.796814	3.256889	0.031105
626.385437	3.253274	0.030158
627.973999	3.249706	0.029245
629.562561	3.246183	0.028364
631.151001	3.242705	0.027514
632.73938	3.239272	0.026693
634.327759	3.235882	0.025901
635.916016	3.232535	0.025136
637.504272	3.229232	0.024397
639.092407	3.22597	0.023684
640.680481	3.222749	0.022995
642.268494	3.21957	0.022329
643.856506	3.21643	0.021685
645.444458	3.213331	0.021063
647.032288	3.21027	0.020462
648.620056	3.207247	0.019881
650.207764	3.204263	0.019319
651.79541	3.201315	0.018776
653.382996	3.198405	0.01825
654.970581	3.19553	0.017742
656.557983	3.192691	0.01725
658.145386	3.189887	0.016774
659.732727	3.187117	0.016314
661.319946	3.184381	0.015868
662.907166	3.181679	0.015437
664.494263	3.179009	0.015019
666.081299	3.176372	0.014614
667.668335	3.173766	0.014222
669.255249	3.171191	0.013843
670.842041	3.168648	0.013475
672.428833	3.166134	0.013119
674.015503	3.163651	0.012774
675.602173	3.161196	0.01244
677.18866	3.158771	0.012116
678.775146	3.156374	0.011801
680.361572	3.154005	0.011497
681.947876	3.151664	0.011201
683.534119	3.149349	0.010915
685.1203	3.147061	0.010637
686.706421	3.1448	0.010367
688.29248	3.142564	0.010106
689.878418	3.140353	0.009852
691.464294	3.138168	0.009606
693.05011	3.136007	0.009367
694.635803	3.13387	0.009135
696.221436	3.131757	0.00891
697.807007	3.129668	0.008692
699.392456	3.127602	0.008479
700.977905	3.125559	0.008273
702.563171	3.123538	0.008073
704.148438	3.121538	0.007879
705.733582	3.119561	0.00769
707.318665	3.117605	0.007506
708.903687	3.11567	0.007328
710.488586	3.113756	0.007154
712.073364	3.111862	0.006986
713.658142	3.109989	0.006822
715.242798	3.108135	0.006663
716.827332	3.106301	0.006508
718.411865	3.104486	0.006358
719.996216	3.102689	0.006211
721.580566	3.100912	0.006069
723.164795	3.099153	0.005931
724.748901	3.097412	0.005796
726.332947	3.095688	0.005665
727.916931	3.093983	0.005537
729.500793	3.092294	0.005413
731.084595	3.090623	0.005292
732.668274	3.088969	0.005175
734.251831	3.087331	0.00506
735.835388	3.085709	0.004949
737.418823	3.084104	0.00484
739.002136	3.082515	0.004735
740.585327	3.080941	0.004632
742.168518	3.079382	0.004532
743.751587	3.077839	0.004434
745.334534	3.076311	0.004339
746.917358	3.074797	0.004246
748.500122	3.073298	0.004156
750.082825	3.071814	0.004068
751.665405	3.070344	0.003982
753.247864	3.068887	0.003899
754.8302	3.067445	0.003817
756.412476	3.066016	0.003738
757.99469	3.0646	0.00366
759.576782	3.063198	0.003585
761.158752	3.061809	0.003511
762.740601	3.060433	0.003439
764.322388	3.059069	0.003369
765.904114	3.057718	0.003301
767.485718	3.056379	0.003234
769.0672	3.055053	0.003169
770.64856	3.053739	0.003106
772.229858	3.052436	0.003044
773.810974	3.051145	0.002983
775.39209	3.049866	0.002924
776.973022	3.048598	0.002867
778.553894	3.047342	0.002811
780.134644	3.046096	0.002756
781.715271	3.044862	0.002702
783.295837	3.043638	0.00265
784.876282	3.042426	0.002599
786.456665	3.041224	0.002549
788.036865	3.040032	0.0025
789.616943	3.038851	0.002453
791.19696	3.037679	0.002406
792.776855	3.036518	0.002361
794.356628	3.035367	0.002316
795.93634	3.034225	0.002273
797.51593	3.033094	0.00223
799.095337	3.031971	0.002189
800.674683	3.030859	0.002149
802.253967	3.029756	0.002109
803.833069	3.028661	0.00207
805.412048	3.027576	0.002032
806.990967	3.0265	0.001996
808.569702	3.025433	0.001959
810.148376	3.024375	0.001924
811.726929	3.023325	0.001889
813.30542	3.022285	0.001856
814.883728	3.021252	0.001822
816.461914	3.020228	0.00179
818.039978	3.019212	0.001758
819.617981	3.018204	0.001727
821.195801	3.017205	0.001697
822.77356	3.016213	0.001668
824.351196	3.015229	0.001639
825.928711	3.014254	0.00161
827.506042	3.013285	0.001582
829.083313	3.012325	0.001555
830.660461	3.011372	0.001528
832.237427	3.010427	0.001502
833.814331	3.009489	0.001477
835.391113	3.008558	0.001452
836.967773	3.007634	0.001427
838.54425	3.006718	0.001403
840.120728	3.005809	0.00138
841.69696	3.004906	0.001357
843.273071	3.004011	0.001334
844.849121	3.003122	0.001312
846.424988	3.00224	0.001291
848.000793	3.001365	0.00127
849.576477	3.000496	0.001249
851.151978	2.999634	0.001229
852.727356	2.998779	0.001209
854.302612	2.997929	0.001189
855.877747	2.997087	0.00117
857.452759	2.99625	0.001151
859.027649	2.99542	0.001133
860.602356	2.994595	0.001115
862.176941	2.993777	0.001097
863.751465	2.992965	0.00108
865.325806	2.992158	0.001063
866.900024	2.991358	0.001046
868.474121	2.990563	0.00103
870.048035	2.989774	0.001014
871.621887	2.988991	0.000998
873.195496	2.988214	0.000983
874.769043	2.987442	0.000968
876.342468	2.986675	0.000953
877.91571	2.985914	0.000939
879.488892	2.985159	0.000924
881.06189	2.984408	0.00091
882.634766	2.983663	0.000897
884.20752	2.982924	0.000883
885.78009	2.982189	0.00087
887.352539	2.98146	0.000857
888.924805	2.980736	0.000844
890.496948	2.980016	0.000832
892.069031	2.979302	0.000819
893.64093	2.978593	0.000807
895.212708	2.977888	0.000796
896.784302	2.977188	0.000784
898.355774	2.976494	0.000773
899.927063	2.975804	0.000762
901.49823	2.975118	0.000751
903.069214	2.974437	0.00074
904.640137	2.973761	0.000729
906.210938	2.97309	0.000719
907.781555	2.972423	0.000709
909.351929	2.97176	0.000699
910.922241	2.971102	0.000689
912.492493	2.970448	0.000679
914.062378	2.969799	0.00067
915.632324	2.969154	0.00066
917.202026	2.968513	0.000651
918.771606	2.967877	0.000642
920.341003	2.967244	0.000633
921.910278	2.966616	0.000625
923.47937	2.965992	0.000616
925.04834	2.965372	0.000608
926.617188	2.964756	0.000599
928.185852	2.964144	0.000591
929.754395	2.963536	0.000583
931.322754	2.962932	0.000575
932.89093	2.962332	0.000568
934.458984	2.961735	0.00056
936.026978	2.961143	0.000553
937.594604	2.960554	0.000545
939.162231	2.959969	0.000538
940.729675	2.959388	0.000531
942.296997	2.95881	0.000524
943.864075	2.958236	0.000517
945.43103	2.957665	0.000511
946.997864	2.957099	0.000504
948.564575	2.956536	0.000497
950.130981	2.955976	0.000491
951.697388	2.95542	0.000485
953.263489	2.954867	0.000479
954.829468	2.954318	0.000472
956.395325	2.953772	0.000466
957.96106	2.953229	0.000461
959.52655	2.95269	0.000455
961.09198	2.952154	0.000449
962.657104	2.951622	0.000443
964.222168	2.951092	0.000438
965.787109	2.950566	0.000432
967.351746	2.950043	0.000427
968.916321	2.949523	0.000422
970.480652	2.949007	0.000417
972.044922	2.948493	0.000412
973.609009	2.947983	0.000407
975.172852	2.947475	0.000402
976.736633	2.946971	0.000397
978.30011	2.94647	0.000392
979.863464	2.945972	0.000387
981.426758	2.945476	0.000383
982.989746	2.944984	0.000378
984.552612	2.944494	0.000373
986.115356	2.944008	0.000369
987.677856	2.943524	0.000365
989.240234	2.943043	0.00036
990.802429	2.942565	0.000356
992.364441	2.94209	0.000352
993.92627	2.941617	0.000348
995.487976	2.941148	0.000344
997.0495	2.940681	0.00034
998.61084	2.940216	0.000336
1011.170227	2.936575	0.000306
1014.570129	2.935618	0.000299
1017.970398	2.934671	0.000292
1021.371216	2.933736	0.000285
1024.772339	2.932812	0.000278
1028.17395	2.931899	0.000271
1031.57605	2.930996	0.000265
1034.978516	2.930104	0.000259
1038.38147	2.929222	0.000253
1041.78479	2.928351	0.000247
1045.188599	2.927489	0.000241
1048.592773	2.926637	0.000236
1051.997437	2.925795	0.000231
1055.402588	2.924962	0.000226
1058.808105	2.924139	0.000221
1062.214111	2.923325	0.000216
1065.620361	2.92252	0.000211
1069.027222	2.921724	0.000206
1072.434448	2.920936	0.000202
1075.842163	2.920158	0.000198
1079.250366	2.919388	0.000193
1082.658936	2.918626	0.000189
1086.067871	2.917872	0.000185
1089.477295	2.917127	0.000181
1092.887207	2.91639	0.000178
1096.297485	2.915661	0.000174
1099.708252	2.914939	0.00017
1103.119385	2.914225	0.000167
1106.531006	2.913519	0.000164
1109.943115	2.91282	0.00016
1113.355469	2.912128	0.000157
1116.768311	2.911444	0.000154
1120.181763	2.910767	0.000151
1123.595459	2.910097	0.000148
1127.009766	2.909434	0.000145
1130.424316	2.908777	0.000142
1133.839478	2.908128	0.00014
1137.255005	2.907485	0.000137
1140.670898	2.906848	0.000134
1144.087158	2.906218	0.000132
1147.50415	2.905594	0.000129
1150.921265	2.904977	0.000127
1154.338989	2.904366	0.000124
1157.75708	2.903761	0.000122
1161.175537	2.903162	0.00012
1164.594604	2.902568	0.000118
1168.014038	2.901981	0.000116
1171.433838	2.9014	0.000114
1174.854248	2.900824	0.000112
1178.274902	2.900254	0.00011
1181.696045	2.899689	0.000108
1185.117554	2.89913	0.000106
1188.539673	2.898576	0.000104
1191.962158	2.898027	0.000102
1195.38501	2.897484	0.0001
1198.80835	2.896946	0.000099
1202.232056	2.896413	0.000097
1205.65625	2.895885	0.000095
1209.080811	2.895362	0.000094
1212.505859	2.894844	0.000092
1215.931396	2.894331	0.000091
1219.3573	2.893823	0.000089
1222.783569	2.893319	0.000088
1226.210449	2.89282	0.000086
1229.637695	2.892326	0.000085
1233.065308	2.891836	0.000083
1236.493408	2.891351	0.000082
1239.921997	2.89087	0.000081
1243.35083	2.890393	0.000079
1246.780273	2.889921	0.000078
1250.210205	2.889454	0.000077
1253.640381	2.88899	0.000076
1257.071045	2.88853	0.000075
1260.502197	2.888075	0.000073
1263.933838	2.887624	0.000072
1267.365723	2.887177	0.000071
1270.798096	2.886734	0.00007
1274.231079	2.886294	0.000069
1277.664307	2.885859	0.000068
1281.098022	2.885427	0.000067
1284.532227	2.884999	0.000066
1287.966919	2.884575	0.000065
1291.401855	2.884155	0.000064
1294.837402	2.883738	0.000063
1298.273193	2.883325	0.000062
1301.709595	2.882915	0.000061
1305.146362	2.882509	0.00006
1308.583618	2.882106	0.00006
1312.02124	2.881707	0.000059
1315.459229	2.881311	0.000058
1318.897705	2.880919	0.000057
1322.33667	2.88053	0.000056
1325.776123	2.880144	0.000056
1329.215942	2.879761	0.000055
1332.656128	2.879382	0.000054
1336.096924	2.879006	0.000053
1339.537964	2.878633	0.000053
1342.979492	2.878263	0.000052
1346.421509	2.877896	0.000051
1349.863892	2.877532	0.00005
1353.306763	2.877171	0.00005
1356.75	2.876813	0.000049
1360.193726	2.876458	0.000049
1363.637939	2.876107	0.000048
1367.082397	2.875757	0.000047
1370.527466	2.875411	0.000047
1373.9729	2.875067	0.000046
1377.418823	2.874727	0.000045
1380.865112	2.874388	0.000045
1384.31189	2.874053	0.000044
1387.759033	2.87372	0.000044
1391.206787	2.87339	0.000043
1394.654785	2.873063	0.000043
1398.103271	2.872738	0.000042
1401.552124	2.872416	0.000042
1405.001587	2.872096	0.000041
1408.451294	2.871779	0.000041
1411.901611	2.871464	0.00004
1415.352295	2.871152	0.00004
1418.803345	2.870842	0.000039
1422.254761	2.870535	0.000039
1425.706787	2.87023	0.000038
1429.15918	2.869927	0.000038
1432.612061	2.869627	0.000037
1436.065186	2.869329	0.000037
1439.518921	2.869033	0.000036
1442.973022	2.86874	0.000036
1446.427612	2.868448	0.000036
1449.882568	2.868159	0.000035
1453.338135	2.867872	0.000035
1456.793945	2.867588	0.000034
1460.250244	2.867305	0.000034
1463.707031	2.867025	0.000034
1467.164185	2.866747	0.000033
1470.621826	2.866471	0.000033
1474.079834	2.866196	0.000033
1477.53833	2.865924	0.000032
1480.997192	2.865654	0.000032
1484.456543	2.865386	0.000031
1487.91626	2.86512	0.000031
1491.376465	2.864856	0.000031
1494.837158	2.864594	0.00003
1498.298218	2.864333	0.00003
1501.759766	2.864075	0.00003
1505.22168	2.863818	0.00003
1508.684082	2.863564	0.000029
1512.146851	2.863311	0.000029
1515.610107	2.86306	0.000029
1519.07373	2.862811	0.000028
1522.537842	2.862563	0.000028
1526.002441	2.862318	0.000028
1529.467407	2.862074	0.000027
1532.932861	2.861832	0.000027
1536.398682	2.861592	0.000027
1539.86499	2.861353	0.000027
1543.331665	2.861116	0.000026
1546.798828	2.860881	0.000026
1550.266357	2.860647	0.000026
1553.734497	2.860415	0.000026
1557.202881	2.860185	0.000025
1560.671753	2.859956	0.000025
1564.141113	2.859729	0.000025
1567.61084	2.859503	0.000025
1571.081055	2.859279	0.000024
1574.551636	2.859057	0.000024
1578.022705	2.858836	0.000024
1581.494263	2.858616	0.000024
1584.966064	2.858398	0.000023
1588.438477	2.858182	0.000023
1591.911255	2.857967	0.000023
1595.384521	2.857754	0.000023
1598.858154	2.857542	0.000023
1602.332275	2.857331	0.000022
1605.806763	2.857122	0.000022
1609.281738	2.856914	0.000022
1612.75708	2.856708	0.000022
1616.233032	2.856503	0.000022
1619.709229	2.856299	0.000021
1623.185913	2.856097	0.000021
1626.663086	2.855896	0.000021
1630.140625	2.855697	0.000021
1633.618652	2.855499	0.000021
1637.097046	2.855302	0.00002
1640.575928	2.855106	0.00002
1644.055298	2.854912	0.00002
1647.534912	2.854719	0.00002
1651.015259	2.854527	0.00002
1654.495728	2.854337	0.00002
1657.976807	2.854148	0.000019
1661.458252	2.85396	0.000019
1664.940186	2.853773	0.000019
1668.422485	2.853588	0.000019
1671.905273	2.853403	0.000019
1675.388428	2.85322	0.000019
1678.87207	2.853038	0.000018
1682.356201	2.852858	0.000018
1685.840576	2.852678	0.000018
1689.325562	2.852499	0.000018